<?xml version="1.0"?>
<opencv_storage>
<cam_reprojection_error>6.6350085476960485e-001</cam_reprojection_error>
<cam_reprojection_error2>5.7575957017770707e-001</cam_reprojection_error2>
<proj_reprojection_error>6.5754500717072784e-001</proj_reprojection_error>
<proj_reprojection_error2>1.0735273591767089e+000</proj_reprojection_error2>
<stereo_reprojection_error>7.1928937441352891e-001</stereo_reprojection_error>
<cam_K type_id="opencv-matrix">
  <rows>3</rows>
  <cols>3</cols>
  <dt>d</dt>
  <data>
    2.1779378049545153e+003 0. 9.6336098948000358e+002 0.
    2.1803068947697366e+003 5.6940590206676200e+002 0. 0. 1.</data></cam_K>
<cam_dist type_id="opencv-matrix">
  <rows>1</rows>
  <cols>5</cols>
  <dt>d</dt>
  <data>
    -1.4696563087223366e-001 1.8514976871702601e-001
    -8.2406575869950949e-004 2.9816849163006517e-003 0.</data></cam_dist>
<cam_R>
  <_ type_id="opencv-matrix">
    <rows>3</rows>
    <cols>1</cols>
    <dt>d</dt>
    <data>
      -9.1752614850531311e-001 -3.0809896670841241e-001
      -2.9415254501537325e+000</data></_>
  <_ type_id="opencv-matrix">
    <rows>3</rows>
    <cols>1</cols>
    <dt>d</dt>
    <data>
      -9.1595935324853184e-001 -3.6178748217096712e-001
      -2.9247769692829539e+000</data></_>
  <_ type_id="opencv-matrix">
    <rows>3</rows>
    <cols>1</cols>
    <dt>d</dt>
    <data>
      -8.9767985943677930e-001 -4.7965265995421030e-001
      -2.8899360675594008e+000</data></_>
  <_ type_id="opencv-matrix">
    <rows>3</rows>
    <cols>1</cols>
    <dt>d</dt>
    <data>
      -8.0191115485167208e-001 -3.2757048403084066e-001
      -2.9791809564080625e+000</data></_>
  <_ type_id="opencv-matrix">
    <rows>3</rows>
    <cols>1</cols>
    <dt>d</dt>
    <data>
      -7.4576559606885262e-001 -4.6161694212321597e-001
      -2.9566789285650885e+000</data></_>
  <_ type_id="opencv-matrix">
    <rows>3</rows>
    <cols>1</cols>
    <dt>d</dt>
    <data>
      -5.7124646873964080e-001 -5.0604630263249495e-001
      -3.0034710512751981e+000</data></_>
  <_ type_id="opencv-matrix">
    <rows>3</rows>
    <cols>1</cols>
    <dt>d</dt>
    <data>
      -1.1000597091474375e-001 5.0127435758660666e-001
      3.0836390468814203e+000</data></_>
  <_ type_id="opencv-matrix">
    <rows>3</rows>
    <cols>1</cols>
    <dt>d</dt>
    <data>
      -1.0007141646665682e-001 5.3172145838502249e-001
      3.0834181645499417e+000</data></_>
  <_ type_id="opencv-matrix">
    <rows>3</rows>
    <cols>1</cols>
    <dt>d</dt>
    <data>
      -1.6166645681018432e-001 -5.3056225980796556e-001
      -3.0779786135898344e+000</data></_>
  <_ type_id="opencv-matrix">
    <rows>3</rows>
    <cols>1</cols>
    <dt>d</dt>
    <data>
      -8.8055063798224964e-001 -5.0172776405869135e-001
      -2.8866786942576153e+000</data></_>
  <_ type_id="opencv-matrix">
    <rows>3</rows>
    <cols>1</cols>
    <dt>d</dt>
    <data>
      2.2644710697798520e-001 7.2811569045426006e-001
      1.5846925304136377e+000</data></_>
  <_ type_id="opencv-matrix">
    <rows>3</rows>
    <cols>1</cols>
    <dt>d</dt>
    <data>
      3.0847049736164867e-001 6.5230765127125279e-001
      1.5581909240706511e+000</data></_>
  <_ type_id="opencv-matrix">
    <rows>3</rows>
    <cols>1</cols>
    <dt>d</dt>
    <data>
      1.7603617025795418e-001 7.5746913534801552e-001
      1.5966377491934161e+000</data></_>
  <_ type_id="opencv-matrix">
    <rows>3</rows>
    <cols>1</cols>
    <dt>d</dt>
    <data>
      2.2998491174130917e-001 6.9635405361656644e-001
      1.5819600025110656e+000</data></_>
  <_ type_id="opencv-matrix">
    <rows>3</rows>
    <cols>1</cols>
    <dt>d</dt>
    <data>
      2.1951583193080740e-001 7.1541095312163216e-001
      1.5836755475148228e+000</data></_>
  <_ type_id="opencv-matrix">
    <rows>3</rows>
    <cols>1</cols>
    <dt>d</dt>
    <data>
      2.3681554758524334e-001 7.0811207440994028e-001
      1.5812735633282600e+000</data></_>
  <_ type_id="opencv-matrix">
    <rows>3</rows>
    <cols>1</cols>
    <dt>d</dt>
    <data>
      2.3925615595621996e-001 6.9084684813354602e-001
      1.5740011194641736e+000</data></_></cam_R>
<cam_T>
  <_ type_id="opencv-matrix">
    <rows>3</rows>
    <cols>1</cols>
    <dt>d</dt>
    <data>
      -1.7718675873677359e+001 3.5480368226546568e+002
      2.0492832093020197e+003</data></_>
  <_ type_id="opencv-matrix">
    <rows>3</rows>
    <cols>1</cols>
    <dt>d</dt>
    <data>
      1.7274261026249917e+002 3.5083191325357348e+002
      1.9021054341422735e+003</data></_>
  <_ type_id="opencv-matrix">
    <rows>3</rows>
    <cols>1</cols>
    <dt>d</dt>
    <data>
      4.0633831006543465e+002 3.4664401189330846e+002
      1.7092545964760252e+003</data></_>
  <_ type_id="opencv-matrix">
    <rows>3</rows>
    <cols>1</cols>
    <dt>d</dt>
    <data>
      1.8885379159881688e+002 3.3730989956465811e+002
      1.4444455287647122e+003</data></_>
  <_ type_id="opencv-matrix">
    <rows>3</rows>
    <cols>1</cols>
    <dt>d</dt>
    <data>
      -1.8183925015319045e+002 3.4174576425609223e+002
      1.4907435717789751e+003</data></_>
  <_ type_id="opencv-matrix">
    <rows>3</rows>
    <cols>1</cols>
    <dt>d</dt>
    <data>
      -1.1891959166501475e+002 3.3563910677379437e+002
      1.2625944701058979e+003</data></_>
  <_ type_id="opencv-matrix">
    <rows>3</rows>
    <cols>1</cols>
    <dt>d</dt>
    <data>
      -5.7672533725793407e+001 3.4302551623965923e+002
      1.5751267959441259e+003</data></_>
  <_ type_id="opencv-matrix">
    <rows>3</rows>
    <cols>1</cols>
    <dt>d</dt>
    <data>
      1.6926964596468085e+002 3.4246386279311838e+002
      1.5872946688775705e+003</data></_>
  <_ type_id="opencv-matrix">
    <rows>3</rows>
    <cols>1</cols>
    <dt>d</dt>
    <data>
      -7.5983766298795544e+001 3.5128220084180913e+002
      1.8394826251766194e+003</data></_>
  <_ type_id="opencv-matrix">
    <rows>3</rows>
    <cols>1</cols>
    <dt>d</dt>
    <data>
      -7.0665353834518129e+001 3.4755534022397626e+002
      1.6872782929017355e+003</data></_>
  <_ type_id="opencv-matrix">
    <rows>3</rows>
    <cols>1</cols>
    <dt>d</dt>
    <data>
      -3.1260872809671213e+001 -7.5010084730217370e+000
      1.8287844422363426e+003</data></_>
  <_ type_id="opencv-matrix">
    <rows>3</rows>
    <cols>1</cols>
    <dt>d</dt>
    <data>
      1.9535288525896368e+002 -2.2609817989491265e+001
      1.7313214782463692e+003</data></_>
  <_ type_id="opencv-matrix">
    <rows>3</rows>
    <cols>1</cols>
    <dt>d</dt>
    <data>
      2.2451636815438286e+002 -2.9473221616928402e+002
      1.9668580208478354e+003</data></_>
  <_ type_id="opencv-matrix">
    <rows>3</rows>
    <cols>1</cols>
    <dt>d</dt>
    <data>
      4.3966431543973084e+002 -3.0993217056537316e+002
      1.8336743833456865e+003</data></_>
  <_ type_id="opencv-matrix">
    <rows>3</rows>
    <cols>1</cols>
    <dt>d</dt>
    <data>
      3.2183766454122015e+001 -2.9927823047717328e+002
      2.1025238035113107e+003</data></_>
  <_ type_id="opencv-matrix">
    <rows>3</rows>
    <cols>1</cols>
    <dt>d</dt>
    <data>
      -1.1925400930816352e+002 -2.9788369160393597e+002
      2.2046033108729616e+003</data></_>
  <_ type_id="opencv-matrix">
    <rows>3</rows>
    <cols>1</cols>
    <dt>d</dt>
    <data>
      -2.2565569421593091e+002 -2.9793664211680857e+002
      2.2797302940229483e+003</data></_></cam_T>
<proj_K type_id="opencv-matrix">
  <rows>3</rows>
  <cols>3</cols>
  <dt>d</dt>
  <data>
    1.8344592891406160e+003 0. 5.3327239345157477e+002 0.
    1.8366560951587708e+003 7.1327812357165453e+002 0. 0. 1.</data></proj_K>
<proj_dist type_id="opencv-matrix">
  <rows>1</rows>
  <cols>5</cols>
  <dt>d</dt>
  <data>
    -1.2212279909169428e-002 2.6549291635453158e-002
    -2.3334012158662252e-003 -4.4609884317847659e-003 0.</data></proj_dist>
